1, 1.198897437497774e-05, 1.551514330879472e-05
2, 4.160879341904081e-05, 7.404954761015825e-06
3, 0.00045099700663519225, 5.7123936727835126e-05
4, 0.0019679548819632603, 1.1636357481598775e-05
5, 0.020448253647204685, 0.007443037385500888
6, 0.15639899165673166, 0.18711333353785112
7, 1.1623455229467208, 72.999834622677
1, 1.1988974392806995e-05, 5.994487167981788e-06
2, 3.4203838652047125e-05, 2.1157013605943575e-05
3, 0.00015056741347052593, 1.2694208180619171e-05
4, 0.0010550297450038215, 1.1283740576573109e-05
5, 0.01017758139366265, 0.00019323405757631917
6, 0.15481080516894963, 0.3791809344276942
7, 1.1699937833641627, 13.28948894881026
1, 1.1283740604994819e-05, 5.641870302497409e-06
2, 3.314598797032886e-05, 5.289253408591321e-06
3, 0.00015303573172786855, 5.641870302497409e-06
4, 0.0012419166984614094, 3.843524137892018e-05
5, 0.02539723174578512, 0.03163467197288128
6, 0.17480841442636574, 0.315842477570925
7, 1.1702861027687845, 99.06993486108126
1, 9.520656121305853e-06, 1.3399441948504531e-05
2, 3.8082624485223995e-05, 8.110188547778494e-06
3, 0.00013505227016519065, 2.0099162922756868e-05
4, 0.0012549635235454635, 1.1636357481595305e-05
5, 0.013409315221519225, 0.04181119551584149
6, 0.18135721537028826, 9.220788599472696
7, 1.1805049403389845, 4.784248885466155
1, 9.168039227924155e-06, 1.4457292628649628e-05
2, 3.5614306231551186e-05, 5.641870294107419e-06
3, 0.00017560321290408572, 1.2341591268359708e-05
4, 0.0010384567510091092, 8.88594571321899e-05
5, 0.0129780647609134, 0.028299974012134937
6, 0.16537661776222973, 0.4696782970296611
7, 1.1597393314877364, 21.309409334968066
1, 1.1636357612587744e-05, 1.6925610907492228e-05
2, 3.103028666373575e-05, 5.641870302497409e-06
3, 0.00025000537743835594, 3.737739098141901e-05
4, 0.0018399549494461098, 3.0677669656142825e-05
5, 0.01863157141224292, 0.01974795649675798
6, 0.15761164115338033, 0.366177128633808
7, 1.1906275134970201, 22.76945237538621
1, 1.1283740604994819e-05, 5.2892532949044835e-06
2, 4.442972840479342e-05, 5.641870302497409e-06
3, 0.00014034152354724938, 9.873273029370466e-06
4, 0.0009725173918013752, 6.34710386293591e-06
5, 0.012458307460292417, 0.0019739493691304233
6, 0.14145297201412177, 0.15714125021713699
7, 1.2415697234669096, 3.0125351779429366
1, 9.520656121305853e-06, 4.936636507343775e-06
2, 3.773000759184353e-05, 2.6446267003626955e-05
3, 0.00014809909522030262, 6.699720974251422e-06
4, 0.00106878180383993, 0.00010472721733435775
5, 0.011845811916264784, 0.025172614784732678
6, 0.15096904411554693, 0.8029947047521121
7, 1.1948458693928183, 7.147345200302263
1, 1.445729262883333e-05, 7.0523378674636206e-06
2, 4.54875792463838e-05, 1.1988974375043426e-05
3, 0.0001428098418205792, 1.6220377094811056e-05
4, 0.00183854448209253, 0.0003889364333993228
5, 0.016034195375851823, 0.004186267758228723
6, 0.18130114928424135, 0.8174343665360926
7, 1.246795505827171, 117.34424541571592
1, 1.1283740604994819e-05, 4.936636486263524e-06
2, 2.9972435925174068e-05, 5.289253408591321e-06
3, 0.00014386769248631026, 5.289253408591321e-06
4, 0.0012778836216114087, 7.40495477202785e-06
5, 0.012577491970034771, 0.07794666951582485
6, 0.14423018266612075, 0.9560720452731744
7, 1.2184881268602794, 64.01502359535942
1, 1.5162526409540078e-05, 5.289253408591321e-06
2, 3.173552039470451e-05, 5.289253408591321e-06
3, 0.00025176846187946467, 8.462805453746114e-06
4, 0.0012140599638996719, 3.667215690938974e-05
5, 0.014935441136088912, 1.1283740576573109e-05
6, 0.1675564953971218, 0.29036061777068767
7, 1.3480540307813556, 75.82950056401071
1, 1.1988974392806995e-05, 1.657299395674272e-05
2, 3.173552039470451e-05, 5.641870302497409e-06
3, 0.0001600880696059903, 6.347104033466167e-06
4, 0.0018544122422667897, 3.455645554595321e-05
5, 0.015350118602668772, 0.06681702251000843
6, 0.17210525332171756, 0.31440450587967916
7, 1.2930859937396235, 36.13235792448285
1, 1.12837405481514e-05, 1.5867760168930545e-05
2, 3.138290350079842e-05, 5.641870302497409e-06
3, 0.00021756462319899583, 2.5388416304394923e-05
4, 0.0012306329578564146, 7.052337878121762e-06
5, 0.01268927152523247, 0.0002789199626249683
6, 0.16650111303522408, 3.7122226535901746
7, 1.2134421791159866, 14.23266473644179
1, 1.1636357498900907e-05, 5.289253351747902e-06
2, 3.138290350079842e-05, 1.657299395674272e-05
3, 0.00015268311483396246, 1.7983461532367073e-05
4, 0.0014277458013225441, 0.0012366274451096615
5, 0.019836110720291344, 0.009655003157718056
6, 0.16648418742437343, 0.5491306406802323
7, 1.5331697896181709, 23.870557864608486
1, 1.48099095440557e-05, 7.052337878121762e-06
2, 2.9972435925174068e-05, 5.289253408591321e-06
3, 0.00014210460801677982, 2.3625331834864483e-05
4, 0.0010144788022898865, 6.734982662237599e-05
5, 0.011483321749892639, 0.005295953121731145
6, 0.1405576777215174, 0.06933400189495842
7, 1.2718136744126127, 91.1306826416224
1, 1.5162526437961787e-05, 6.6997209842156735e-06
2, 4.3371877893605415e-05, 2.045177978970969e-05
3, 0.00015374096551568073, 8.462805396902695e-06
4, 0.0010617294659596155, 1.1988974392806995e-05
5, 0.01649682874000291, 0.02432175022102001
6, 0.17319554475608356, 0.7061759791025111
7, 1.2579075219883293, 79.6968277526421
1, 1.1636357498900907e-05, 1.622037711968005e-05
2, 3.103028666373575e-05, 5.289253408591321e-06
3, 0.00015585666687911726, 9.52065602177754e-06
4, 0.0012454428674573137, 0.00017172442710489122
5, 0.016903396018051353, 0.0010497404916804953
6, 0.23121548101005374, 0.10853583239975251
7, 1.3326580719824506, 18.614710330511343
6, 0.11562731074257944, 0.5913156101030381
7, 1.1889106218434176, 8.8656621316608
6, 0.1840656657283546, 0.6364622088133842
7, 1.4053687332485083, 207.11350808321333
6, 0.16348235981092785, 0.06446154166224005
7, 1.2153487786584947, 13.093375421685778
6, 0.16445487720307028, 0.81660501160286
7, 1.1887244401236785, 7.462306135639892
6, 0.1892851009840797, 1.265646404947347
7, 1.2807066724637934, 28.19601691009575
1, 9.873273014687552e-06, 4.584019613962078e-06
2, 3.385122176464278e-05, 6.347104080870955e-06
3, 0.00013963628977915234, 1.7278227775703592e-05
4, 0.001991580213819833, 6.452889148885269e-05
5, 0.01443543038125996, 0.030660038879538665
6, 0.14753314510643567, 1.474922768084927
7, 1.2683626128770755, 6.996150128758058
